function g=gamma_
%  g=42.576375; %1H
% g=40.05; %19F
 g=16.546; %Li
